0.000002
0.000004
0.000006
0.000008
0.000010
0.000012
0.000014
0.000016
0.000018
0.000020
0.000022
0.000024
0.000026
0.000028
0.000030
0.000032
0.000034
0.000036
0.000038
0.000040
0.000042
0.000044
0.000046
0.000048
0.000050
0.000052
0.000054
0.000056
0.000058
0.000060
0.000062
0.000064
0.000066
0.000068
0.000070
0.000072
0.000074
0.000076
0.000078
0.000080
0.000082
0.000084
0.000086
0.000088
0.000090
0.000092
0.000094
0.000096
0.000098
0.000100
0.000110
0.000120
0.000130
0.000140
0.000150
0.000160
0.000170
0.000180
0.000190
0.000200
0.000210
0.000220
0.000230
0.000240
0.000250
0.000260
0.000270
0.000280
0.000290
0.000300
0.000310
0.000320
0.000330
0.000340
0.000350
0.000360
0.000370
0.000380
0.000390
0.000400
0.000410
0.000420
0.000430
0.000440
0.000450
0.000460
0.000470
0.000480
0.000490
0.000500
0.000510
0.000520
0.000530
0.000540
0.000550
0.000560
0.000570
0.000580
0.000590
0.000600
0.000610
0.000620
0.000630
0.000640
0.000650
0.000660
0.000670
0.000680
0.000690
0.000700
0.000710
0.000720
0.000730
0.000740
0.000750
0.000760
0.000770
0.000780
0.000790
0.000800
0.000810
0.000820
0.000830
0.000840
0.000850
0.000860
0.000870
0.000880
0.000890
0.000900
0.000910
0.000920
0.000930
0.000940
0.000950
0.000960
0.000970
0.000980
0.000990
0.001000
0.001100
0.001200
0.001300
0.001400
0.001500
0.001600
0.001700
0.001800
0.001900
0.002000
0.002100
0.002200
0.002300
0.002400
0.002500
0.002600
0.002700
0.002800
0.002900
0.003000
0.003100
0.003200
0.003300
0.003400
0.003500
0.003600
0.003700
0.003800
0.003900
0.004000
0.004100
0.004200
0.004300
0.004400
0.004500
0.004600
0.004700
0.004800
0.004900
0.005000
0.005100
0.005200
0.005300
0.005400
0.005500
0.005600
0.005700
0.005800
0.005900
0.006000
0.006100
0.006200
0.006300
0.006400
0.006500
0.006600
0.006700
0.006800
0.006900
0.007000
0.007100
0.007200
0.007300
0.007400
0.007500
0.007600
0.007700
0.007800
0.007900
0.008000
0.008100
0.008200
0.008300
0.008400
0.008500
0.008600
0.008700
0.008800
0.008900
0.009000
0.009100
0.009200
0.009300
0.009400
0.009500
0.009600
0.009700
0.009800
0.009900
0.010000
0.011000
0.012000
0.013000
0.014000
0.015000
0.016000
0.017000
0.018000
0.019000
0.020000
0.021000
0.022000
0.023000
0.024000
0.025000
0.026000
0.027000
0.028000
0.029000
0.030000
0.031000
0.032000
0.033000
0.034000
0.035000
0.036000
0.037000
0.038000
0.039000
0.040000
0.041000
0.042000
0.043000
0.044000
0.045000
0.046000
0.047000
0.048000
0.049000
0.050000
0.051000
0.052000
0.053000
0.054000
0.055000
0.056000
0.057000
0.058000
0.059000
0.060000
0.061000
0.062000
0.063000
0.064000
0.065000
0.066000
0.067000
0.068000
0.069000
0.070000
0.071000
0.072000
0.073000
0.074000
0.075000
0.076000
0.077000
0.078000
0.079000
0.080000
0.081000
0.082000
0.083000
0.084000
0.085000
0.086000
0.087000
0.088000
0.089000
0.090000
0.091000
0.092000
0.093000
0.094000
0.095000
0.096000
0.097000
0.098000
0.099000
0.100000
0.120000
0.140000
0.160000
0.180000
0.200000
0.220000
0.240000
0.260000
0.280000
0.300000
0.320000
0.340000
0.360000
0.380000
0.400000
0.420000
0.440000
0.460000
0.480000
0.500000
0.520000
0.540000
0.560000
0.580000
0.600000
0.620000
0.640000
0.660000
0.680000
0.700000
0.720000
0.740000
0.760000
0.780000
0.800000
0.820000
0.840000
0.860000
0.880000
0.900000
0.920000
0.940000
0.960000
0.980000
1.000000
1.200000
1.400000
1.600000
1.800000
2.000000
2.200000
2.400000
2.600000
2.800000
3.000000
3.200000
3.400000
3.600000
3.800000
4.000000
4.200000
4.400000
4.600000
4.800000
5.000000
5.200000
5.400000
5.600000
5.800000
6.000000
6.200000
6.400000
6.600000
6.800000
7.000000
7.200000
7.400000
7.600000
7.800000
8.000000
8.200000
8.400000
8.600000
8.800000
9.000000
9.200000
9.400000
9.600000
9.800000
10.000000
12.000000
14.000000
16.000000
18.000000
20.000000
22.000000
24.000000
26.000000
28.000000
30.000000
32.000000
34.000000
36.000000
38.000000
40.000000
42.000000
44.000000
46.000000
48.000000
50.000000
52.000000
54.000000
56.000000
58.000000
60.000000
62.000000
64.000000
66.000000
68.000000
70.000000
72.000000
74.000000
76.000000
78.000000
80.000000
82.000000
84.000000
86.000000
88.000000
90.000000
92.000000
94.000000
96.000000
98.000000
100.000000
120.000000
140.000000
160.000000
180.000000
200.000000
220.000000
240.000000
260.000000
280.000000
300.000000
320.000000
340.000000
360.000000
380.000000
400.000000
420.000000
440.000000
460.000000
480.000000
500.000000
520.000000
540.000000
560.000000
580.000000
600.000000
620.000000
640.000000
660.000000
680.000000
700.000000
720.000000
740.000000
760.000000
780.000000
800.000000
820.000000
840.000000
860.000000
880.000000
900.000000
920.000000
940.000000
960.000000
980.000000
1000.000000