0.000002
0.000004
0.000006
0.000008
0.00001
0.000012
0.000014
0.000016
0.000018
0.00002
0.000022
0.000024
0.000026
0.000028
0.00003
0.000032
0.000034
0.000036
0.000038
0.00004
0.000042
0.000044
0.000046
0.000048
0.00005
0.000052
0.000054
0.000056
0.000058
0.00006
0.000062
0.000064
0.000066
0.000068
0.00007
0.000072
0.000074
0.000076
0.000078
0.00008
0.000082
0.000084
0.000086
0.000088
0.00009
0.000092
0.000094
0.000096
0.000098
0.0001
0.000112
0.000124
0.000136
0.000148
0.00016
0.000172
0.000184
0.000196
0.000208
0.00022
0.000232
0.000244
0.000256
0.000268
0.00028
0.000292
0.000304
0.000316
0.000328
0.00034
0.000352
0.000364
0.000376
0.000388
0.0004
0.000412
0.000424
0.000436
0.000448
0.00046
0.000472
0.000484
0.000496
0.000508
0.00052
0.000532
0.000544
0.000556
0.000568
0.00058
0.000592
0.000604
0.000616
0.000628
0.00064
0.000652
0.000664
0.000676
0.000688
0.0007
0.000712
0.000724
0.000736
0.000748
0.00076
0.000772
0.000784
0.000796
0.000808
0.00082
0.000832
0.000844
0.000856
0.000868
0.00088
0.000892
0.000904
0.000916
0.000928
0.00094
0.000952
0.000964
0.000976
0.000988
0.001
0.00112
0.00124
0.00136
0.00148
0.0016
0.00172
0.00184
0.00196
0.00208
0.0022
0.00232
0.00244
0.00256
0.00268
0.0028
0.00292
0.00304
0.00316
0.00328
0.0034
0.00352
0.00364
0.00376
0.00388
0.004
0.00412
0.00424
0.00436
0.00448
0.0046
0.00472
0.00484
0.00496
0.00508
0.0052
0.00532
0.00544
0.00556
0.00568
0.0058
0.00592
0.00604
0.00616
0.00628
0.0064
0.00652
0.00664
0.00676
0.00688
0.007
0.00712
0.00724
0.00736
0.00748
0.0076
0.00772
0.00784
0.00796
0.00808
0.0082
0.00832
0.00844
0.00856
0.00868
0.0088
0.00892
0.00904
0.00916
0.00928
0.0094
0.00952
0.00964
0.00976
0.00988
0.01
0.0112
0.0124
0.0136
0.0148
0.016
0.0172
0.0184
0.0196
0.0208
0.022
0.0232
0.0244
0.0256
0.0268
0.028
0.0292
0.0304
0.0316
0.0328
0.034
0.0352
0.0364
0.0376
0.0388
0.04
0.0412
0.0424
0.0436
0.0448
0.046
0.0472
0.0484
0.0496
0.0508
0.052
0.0532
0.0544
0.0556
0.0568
0.058
0.0592
0.0604
0.0616
0.0628
0.064
0.0652
0.0664
0.0676
0.0688
0.07
0.0712
0.0724
0.0736
0.0748
0.076
0.0772
0.0784
0.0796
0.0808
0.082
0.0832
0.0844
0.0856
0.0868
0.088
0.0892
0.0904
0.0916
0.0928
0.094
0.0952
0.0964
0.0976
0.0988
0.1
0.112
0.124
0.136
0.148
0.16
0.172
0.184
0.196
0.208
0.22
0.232
0.244
0.256
0.268
0.28
0.292
0.304
0.316
0.328
0.34
0.352
0.364
0.376
0.388
0.4
0.412
0.424
0.436
0.448
0.46
0.472
0.484
0.496
0.508
0.52
0.532
0.544
0.556
0.568
0.58
0.592
0.604
0.616
0.628
0.64
0.652
0.664
0.676
0.688
0.7
0.712
0.724
0.736
0.748
0.76
0.772
0.784
0.796
0.808
0.82
0.832
0.844
0.856
0.868
0.88
0.892
0.904
0.916
0.928
0.94
0.952
0.964
0.976
0.988
1
1.12
1.24
1.36
1.48
1.6
1.72
1.84
1.96
2.08
2.2
2.32
2.44
2.56
2.68
2.8
2.92
3.04
3.16
3.28
3.4
3.52
3.64
3.76
3.88
4
4.12
4.24
4.36
4.48
4.6
4.72
4.84
4.96
5.08
5.2
5.32
5.44
5.56
5.68
5.8
5.92
6.04
6.16
6.28
6.4
6.52
6.64
6.76
6.88
7
7.12
7.24
7.36
7.48
7.6
7.72
7.84
7.96
8.08
8.2
8.32
8.44
8.56
8.68
8.8
8.92
9.04
9.16
9.28
9.4
9.52
9.64
9.76
9.88
10
11.2
12.4
13.6
14.8
16
17.2
18.4
19.6
20.8
22
23.2
24.4
25.6
26.8
28
29.2
30.4
31.6
32.8
34
35.2
36.4
37.6
38.8
40
41.2
42.4
43.6
44.8
46
47.2
48.4
49.6
50.8
52
53.2
54.4
55.6
56.8
58
59.2
60.4
61.6
62.8
64
65.2
66.4
67.6
68.8
70
71.2
72.4
73.6
74.8
76
77.2
78.4
79.6
80.8
82
83.2
84.4
85.6
86.8
88
89.2
90.4
91.6
92.8
94
95.2
96.4
97.6
98.8
100
